DivisionNm,OTH,ALP,LNP,PartyAb,Year
Adelaide,12.78856552,41.92251634,45.28891814,ALP,2004
Aston,10.28301308,31.16704525,58.54994168,LNP,2004
Ballarat,10.42431904,45.00071555,44.57496542,ALP,2004
Banks,13.24439236,44.61039492,42.14521272,ALP,2004
Barker,14.76288114,21.47187865,63.76524021,LNP,2004
Barton,10.89884164,49.65625799,39.44490038,ALP,2004
Bass,11.64336392,39.22388251,49.13275357,LNP,2004
Batman,18.29897933,55.68267789,26.01834278,ALP,2004
Bendigo,11.03053002,43.5319487,45.43752128,ALP,2004
Bennelong,21.70047127,28.40497826,49.89455047,LNP,2004
Berowra,17.70036635,26.15977891,56.13985475,LNP,2004
Blair,16.37177339,31.43639721,52.1918294,LNP,2004
Blaxland,15.18875444,53.78885588,31.02238968,ALP,2004
Bonner,13.11808332,42.75137852,44.13053817,LNP,2004
Boothby,13.54282665,35.83542131,50.62175204,LNP,2004
Bowman,9.883175468,35.51131617,54.60550836,LNP,2004
Braddon,9.58988686,43.05339034,47.3567228,LNP,2004
Bradfield,15.69766002,20.71932648,63.5830135,LNP,2004
Brand,13.02088956,47.08517759,39.89393285,ALP,2004
Brisbane,14.71578231,42.46813661,42.81608109,ALP,2004
Bruce,9.604721418,47.30213764,43.09314094,ALP,2004
Calare,54.49873362,16.52322522,28.97804116,OTH,2004
Calwell,12.81624836,50.01007963,37.17367201,ALP,2004
Canberra,13.1369316,49.87584179,36.9872266,ALP,2004
Canning,14.38698525,32.87592297,52.73709178,LNP,2004
Capricornia,12.03027551,47.21041477,40.75930972,ALP,2004
Casey,13.47232352,29.87953625,56.64814023,LNP,2004
Charlton,18.74478063,45.94976553,35.30545384,ALP,2004
Chifley,14.89988635,55.89527003,29.20484362,ALP,2004
Chisholm,12.39110883,43.99460362,43.61428755,ALP,2004
Cook,14.28264114,27.68732269,58.03003617,LNP,2004
Corangamite,11.19656908,36.74889535,52.05453557,LNP,2004
Corio,13.03143367,46.67631681,40.29224952,ALP,2004
Cowan,11.73967689,43.87159278,44.38873033,ALP,2004
Cowper,17.77995186,32.01858837,50.20145978,LNP,2004
Cunningham,31.53231861,39.64371033,28.82397106,ALP,2004
Curtin,16.66578551,23.74897565,59.58523884,LNP,2004
Dawson,20.51723927,31.32035346,48.16240726,LNP,2004
Deakin,13.25602097,36.15053657,50.59344246,LNP,2004
Denison,17.9242918,49.5142893,32.5614189,ALP,2004
Dickson,12.53729,35.37447009,52.08823991,LNP,2004
Dobell,14.10382238,36.3630335,49.53314412,LNP,2004
Dunkley,10.89357188,33.56922409,55.53720403,LNP,2004
Eden-Monaro,12.783787,38.74004517,48.47616784,LNP,2004
Fadden,12.41821789,28.026114,59.55566812,LNP,2004
Fairfax,20.55032856,27.153736,52.29593544,LNP,2004
Farrer,13.71801779,22.80510401,63.47687819,LNP,2004
Fisher,15.2893699,28.84003092,55.87059918,LNP,2004
Flinders,10.93991127,30.88951582,58.17057292,LNP,2004
Forde,13.59892127,31.21637318,55.18470555,LNP,2004
Forrest,18.64811184,27.92896203,53.42292612,LNP,2004
Fowler,11.26375971,62.77697187,25.95926842,ALP,2004
Franklin,14.90951945,46.42342105,38.6670595,ALP,2004
Fraser,15.8002001,50.60028903,33.59951088,ALP,2004
Fremantle,19.47816035,44.57930807,35.94253158,ALP,2004
Gellibrand,13.81012339,54.62477965,31.56509695,ALP,2004
Gilmore,14.42124053,31.00073648,54.57802299,LNP,2004
Gippsland,15.91737546,34.6091535,49.47347104,LNP,2004
Goldstein,13.55596814,30.46489471,55.97913715,LNP,2004
Gorton,8.209869802,59.37170107,32.41842913,ALP,2004
Grayndler,24.51247947,51.18170738,24.30581315,ALP,2004
Greenway,15.99520289,40.049289,43.95550811,LNP,2004
Grey,13.1918904,30.31330452,56.49480508,LNP,2004
Griffith,13.96050671,48.74192747,37.29756582,ALP,2004
Groom,15.66293184,23.97660819,60.36045997,LNP,2004
Gwydir,15.10053832,22.95229048,61.94717121,LNP,2004
Hasluck,16.34472927,38.29005116,45.36521958,LNP,2004
Herbert,14.01715759,36.2386674,49.74417501,LNP,2004
Higgins,14.30356264,30.4976085,55.19882886,LNP,2004
Hindmarsh,11.79550319,42.32849285,45.87600396,ALP,2004
Hinkler,13.63942007,39.12633156,47.23424837,LNP,2004
Holt,11.48101405,45.66551897,42.85346697,ALP,2004
Hotham,9.81365991,51.21837751,38.96796258,ALP,2004
Hughes,13.43625145,31.27876397,55.28498457,LNP,2004
Hume,14.12299558,28.24352037,57.63348405,LNP,2004
Hunter,19.58899692,53.59658696,26.81441611,ALP,2004
Indi,11.14010923,26.23121164,62.62867914,LNP,2004
Isaacs,12.40066619,44.3076374,43.29169641,ALP,2004
Jagajaga,12.88798999,44.77945217,42.33255784,ALP,2004
Kalgoorlie,22.62035138,31.91528744,45.46436119,LNP,2004
Kennedy,52.47922217,23.68857188,23.83220595,OTH,2004
Kingsford Smith,14.00933321,49.74762248,36.24304431,ALP,2004
Kingston,14.12314426,42.28780978,43.58904596,LNP,2004
Kooyong,16.32320293,29.01401031,54.66278676,LNP,2004
La Trobe,15.01331515,33.77159692,51.21508793,LNP,2004
Lalor,9.304593777,53.24904906,37.44635716,ALP,2004
Leichhardt,15.31787063,31.33581734,53.34631203,LNP,2004
Lilley,9.930749605,48.88105941,41.18819099,ALP,2004
Lindsay,14.80822405,37.11911737,48.07265858,LNP,2004
Lingiari,10.98397637,50.65699202,38.35903161,ALP,2004
Longman,12.39360197,35.73173554,51.87466248,LNP,2004
Lowe,14.3741412,42.89341098,42.73244782,ALP,2004
Lyne,16.9208816,26.77051107,56.30860733,LNP,2004
Lyons,13.1107223,44.5563185,42.3329592,ALP,2004
Macarthur,12.43488444,33.09149157,54.47362399,LNP,2004
Mackellar,22.92346058,19.81200844,57.26453098,LNP,2004
Macquarie,18.97192115,27.75939659,53.26868226,LNP,2004
Makin,12.26857857,43.02492866,44.70649277,LNP,2004
Mallee,11.27064576,20.31363663,68.41571761,LNP,2004
Maranoa,17.18582034,22.30400526,60.5101744,LNP,2004
Maribyrnong,11.16632938,51.3295079,37.50416272,ALP,2004
Mayo,29.87120947,16.49217498,53.63661554,LNP,2004
McEwen,13.70770322,34.55238052,51.73991626,LNP,2004
McMillan,10.36841617,37.85578873,51.7757951,LNP,2004
McPherson,10.91895882,30.12659266,58.95444852,LNP,2004
Melbourne,23.13063396,51.77946899,25.08989705,ALP,2004
Melbourne Ports,17.80097016,39.25474056,42.94428928,ALP,2004
Menzies,10.42848878,32.78597718,56.78553404,LNP,2004
Mitchell,14.80870129,20.83711608,64.35418263,LNP,2004
Moncrieff,11.70363444,23.91743788,64.37892768,LNP,2004
Moore,13.21338495,31.44759223,55.33902282,LNP,2004
Moreton,11.76978125,39.11587068,49.11434807,LNP,2004
Murray,14.69962819,19.77069525,65.52967656,LNP,2004
New England,62.59494536,8.687112293,28.71794234,OTH,2004
Newcastle,18.47561426,45.98243931,35.54194643,ALP,2004
North Sydney,16.49646504,27.26218531,56.24134964,LNP,2004
O'Connor,18.73330685,18.57168294,62.6950102,LNP,2004
Oxley,15.90070616,50.46718308,33.63211075,ALP,2004
Page,17.11399296,33.63387728,49.25212976,LNP,2004
Parkes,8.227251609,31.28426362,60.48848477,LNP,2004
Parramatta,14.35827701,41.5496807,44.09204229,ALP,2004
Paterson,11.95920423,36.05263158,51.98816419,LNP,2004
Pearce,18.23040934,28.0527305,53.71686016,LNP,2004
Perth,17.52573115,45.59137446,36.8828944,ALP,2004
Petrie,10.11089203,37.1595062,52.72960177,LNP,2004
Port Adelaide,13.57390523,54.51043114,31.91566364,ALP,2004
Prospect,11.74016134,50.07351675,38.18632191,ALP,2004
Rankin,17.84380933,43.92273289,38.23345778,ALP,2004
Reid,17.86902061,51.36605228,30.76492711,ALP,2004
Richmond,18.60591989,35.59928444,45.79479567,ALP,2004
Riverina,8.470489827,24.7004699,66.82904027,LNP,2004
Robertson,11.62584947,34.75702013,53.6171304,LNP,2004
Ryan,15.82551772,29.41398628,54.760496,LNP,2004
Scullin,10.07038026,59.02361762,30.90600212,ALP,2004
Shortland,14.27717222,49.91466833,35.80815945,ALP,2004
Solomon,11.38395695,39.12030171,49.49574134,LNP,2004
Stirling,13.7969124,38.94484917,47.25823843,LNP,2004
Sturt,13.78918491,34.54929464,51.66152045,LNP,2004
Swan,15.94108822,39.9212394,44.13767238,ALP,2004
Sydney,26.85609421,44.68237668,28.46152911,ALP,2004
Tangney,17.74068115,28.54384553,53.71547332,LNP,2004
Throsby,12.73660652,56.26082668,31.00256679,ALP,2004
Wakefield,13.81487546,42.37248189,43.81264265,LNP,2004
Wannon,10.31193576,31.85403402,57.83403022,LNP,2004
Warringah,19.8313195,25.63756416,54.53111634,LNP,2004
Watson,11.40641173,56.92417594,31.66941233,ALP,2004
Wentworth,31.86732587,26.33787895,41.79479518,LNP,2004
Werriwa,11.68450412,52.97658429,35.33891159,ALP,2004
Wide Bay,27.2384186,25.68609011,47.07549129,LNP,2004
Wills,17.4787929,53.81971529,28.70149181,ALP,2004
Adelaide,13.30888575,48.26403385,38.42708039,ALP,2007
Aston,10.44259544,38.84305225,50.71435231,LNP,2007
Ballarat,11.63333637,50.32684949,38.03981414,ALP,2007
Banks,11.77440273,54.61630768,33.60928958,ALP,2007
Barker,12.88108388,30.06959038,57.04932574,LNP,2007
Barton,11.283947,55.2570578,33.45899519,ALP,2007
Bass,19.27155949,37.22722644,43.50121407,ALP,2007
Batman,22.1827494,57.18105472,20.63619588,ALP,2007
Bendigo,14.4470379,47.13793487,38.41502723,ALP,2007
Bennelong,9.074263868,45.38053179,45.54520434,ALP,2007
Berowra,15.90617314,30.67130602,53.42252085,LNP,2007
Blair,8.985458519,48.82743549,42.18710599,ALP,2007
Blaxland,14.58376369,61.31868416,24.09755216,ALP,2007
Bonner,9.29050012,48.79636277,41.91313711,ALP,2007
Boothby,19.63488708,34.11859458,46.24651834,LNP,2007
Bowman,9.732949977,44.11076728,46.15628274,LNP,2007
Braddon,12.31644557,43.68784051,43.99571392,ALP,2007
Bradfield,14.23557174,26.69125233,59.07317594,LNP,2007
Brand,15.27132346,46.14556104,38.5831155,ALP,2007
Brisbane,15.56521531,45.03928921,39.39549547,ALP,2007
Bruce,10.57977673,51.84835653,37.57186673,ALP,2007
Calare,26.92172309,24.59854103,48.47973588,LNP,2007
Calwell,13.22823693,60.22023879,26.55152428,ALP,2007
Canberra,13.77794797,51.09703136,35.12502067,ALP,2007
Canning,13.35695471,36.94608266,49.69696263,LNP,2007
Capricornia,7.630465444,55.83921016,36.5303244,ALP,2007
Casey,13.99602576,35.85075056,50.15322368,LNP,2007
Charlton,15.23628626,53.08296166,31.68075208,ALP,2007
Chifley,12.05754966,64.18081346,23.76163688,ALP,2007
Chisholm,12.42081278,48.12454616,39.45464106,ALP,2007
Cook,11.69475188,35.90997248,52.39527565,LNP,2007
Corangamite,13.38584419,41.91207381,44.702082,ALP,2007
Corio,24.8937272,45.49319011,29.61308269,ALP,2007
Cowan,12.20038181,41.99132669,45.8082915,LNP,2007
Cowper,15.3816204,38.08063051,46.53774909,LNP,2007
Cunningham,20.1308338,53.22988519,26.63928101,ALP,2007
Curtin,16.19794825,24.53380837,59.26824338,LNP,2007
Dawson,9.42983005,48.08525017,42.48491978,ALP,2007
Deakin,13.79905236,41.85518163,44.34576601,ALP,2007
Denison,21.87744255,48.46177896,29.66077849,ALP,2007
Dickson,10.18850288,43.66603952,46.1454576,LNP,2007
Dobell,11.3634157,46.32263702,42.31394728,ALP,2007
Dunkley,11.94967826,38.25633073,49.79399102,LNP,2007
Eden-Monaro,11.89193659,44.56257235,43.54549106,ALP,2007
Fadden,9.992449031,33.68691046,56.32064051,LNP,2007
Fairfax,16.71839059,36.46232672,46.81928268,LNP,2007
Farrer,9.537555501,32.73629418,57.72615031,LNP,2007
Fisher,21.89589632,33.96605151,44.13805216,LNP,2007
Flinders,11.64892119,33.88316151,54.4679173,LNP,2007
Flynn,6.906356392,44.76037263,48.33327098,ALP,2007
Forde,9.504649499,44.35034744,46.14500307,ALP,2007
Forrest,24.41865889,30.18425656,45.39708455,LNP,2007
Fowler,7.96471507,64.24520209,27.79008284,ALP,2007
Franklin,17.5952212,41.38573456,41.01904424,ALP,2007
Fraser,17.67666544,51.09771807,31.22561649,ALP,2007
Fremantle,19.72065431,45.18341448,35.09593121,ALP,2007
Gellibrand,16.93878036,60.22268169,22.83853795,ALP,2007
Gilmore,11.81387365,37.7949426,50.39118375,LNP,2007
Gippsland,15.08378621,36.5482579,48.36795589,LNP,2007
Goldstein,13.39288855,33.68620969,52.92090177,LNP,2007
Gorton,13.74746921,61.93268095,24.31984984,ALP,2007
Grayndler,23.67127863,55.47352099,20.85520038,ALP,2007
Greenway,11.43910981,38.46526415,50.09562604,LNP,2007
Grey,11.01800437,38.66285266,50.31914297,LNP,2007
Griffith,12.93267953,53.0894466,33.97787386,ALP,2007
Groom,12.46366366,34.82762763,52.70870871,LNP,2007
Hasluck,15.58628951,41.47858757,42.93512292,ALP,2007
Herbert,10.50895094,43.79299811,45.69805096,LNP,2007
Higgins,15.31441032,31.07596565,53.60962403,LNP,2007
Hindmarsh,12.71167754,47.20629741,40.08202505,ALP,2007
Hinkler,10.68462838,42.87833287,46.43703875,LNP,2007
Holt,10.12220727,55.65437416,34.22341857,ALP,2007
Hotham,11.09908891,55.14871328,33.75219781,ALP,2007
Hughes,9.695997318,42.01079994,48.29320274,LNP,2007
Hume,12.89152183,37.92631717,49.182161,LNP,2007
Hunter,13.04836895,59.94532941,27.00630163,ALP,2007
Indi,13.50320577,32.12029614,54.37649809,LNP,2007
Isaacs,12.77431635,48.75554719,38.47013645,ALP,2007
Jagajaga,14.29256869,48.15673731,37.55069401,ALP,2007
Kalgoorlie,11.21379878,40.64754236,48.13865886,LNP,2007
Kennedy,47.26126411,28.08829067,24.65044522,OTH,2007
Kingsford Smith,13.25208127,52.84574407,33.90217467,ALP,2007
Kingston,13.61240344,46.64773292,39.73986363,ALP,2007
Kooyong,14.8386388,30.02514403,55.13621717,LNP,2007
La Trobe,13.1315737,40.39257531,46.47585099,LNP,2007
Lalor,10.34587442,59.88736051,29.76676507,ALP,2007
Leichhardt,14.09642767,43.11635702,42.78721532,ALP,2007
Lilley,10.1793969,51.56523197,38.25537113,ALP,2007
Lindsay,10.45417273,51.39091165,38.15491562,ALP,2007
Lingiari,11.35044858,53.98582532,34.6637261,ALP,2007
Longman,8.201209496,47.98315953,43.81563097,ALP,2007
Lowe,10.66426011,49.2742202,40.06151969,ALP,2007
Lyne,15.6649212,32.07356252,52.26151628,LNP,2007
Lyons,24.31593216,43.14671206,32.53735578,ALP,2007
Macarthur,9.054840646,43.96648482,46.97867453,LNP,2007
Mackellar,19.24272932,24.35156613,56.40570455,LNP,2007
Macquarie,18.07653288,44.08220958,37.84125754,ALP,2007
Makin,10.2859435,51.44690849,38.26714801,ALP,2007
Mallee,14.20711197,21.84887074,63.9440173,LNP,2007
Maranoa,11.96624451,29.46393553,58.56981996,LNP,2007
Maribyrnong,12.41417679,57.5669832,30.01884001,ALP,2007
Mayo,17.80562728,31.11588461,51.07848811,LNP,2007
McEwen,14.03044068,40.20404151,45.76551781,LNP,2007
McMillan,11.93078211,38.13558271,49.93363518,LNP,2007
McPherson,9.389087517,35.63118057,54.97973191,LNP,2007
Melbourne,26.54289784,49.81733376,23.63976839,ALP,2007
Melbourne Ports,17.85643754,42.46697878,39.67658368,ALP,2007
Menzies,13.61193036,34.78379793,51.60427172,LNP,2007
Mitchell,12.24547546,31.01785209,56.73667245,LNP,2007
Moncrieff,10.22127649,30.00824098,59.77048253,LNP,2007
Moore,12.95982696,32.59096925,54.4492038,LNP,2007
Moreton,10.73372605,47.11058087,42.15569309,ALP,2007
Murray,13.82519357,24.1078519,62.06695454,LNP,2007
New England,66.85694151,9.828517735,23.31454076,OTH,2007
Newcastle,23.65367556,50.78478917,25.56153528,ALP,2007
North Sydney,12.56582574,35.62154745,51.81262681,LNP,2007
O'Connor,16.02666071,20.43067296,63.54266633,LNP,2007
Oxley,8.760484623,58.56228642,32.67722895,ALP,2007
Page,15.27423693,41.67465793,43.05110513,ALP,2007
Parkes,27.85652791,25.36953279,46.7739393,LNP,2007
Parramatta,11.49095358,50.68230478,37.82674164,ALP,2007
Paterson,9.722818056,42.05515039,48.22203156,LNP,2007
Pearce,16.17561966,32.01469008,51.80969026,LNP,2007
Perth,17.14537603,46.87092735,35.98369662,ALP,2007
Petrie,8.258171585,46.88649975,44.85532867,ALP,2007
Port Adelaide,16.55125954,58.23587229,25.21286817,ALP,2007
Prospect,10.66834805,58.1778058,31.15384615,ALP,2007
Rankin,9.897231622,56.01438508,34.0883833,ALP,2007
Reid,12.81880208,60.09592387,27.08527405,ALP,2007
Richmond,19.20943475,43.80997963,36.98058562,ALP,2007
Riverina,8.425993978,29.00851134,62.56549468,LNP,2007
Robertson,11.44478844,42.92741658,45.62779498,ALP,2007
Ryan,14.07048919,36.40871364,49.52079717,LNP,2007
Scullin,12.28972936,63.31703851,24.39323213,ALP,2007
Shortland,12.15323646,56.72718346,31.11958008,ALP,2007
Solomon,11.29877694,41.89671908,46.80450398,ALP,2007
Stirling,12.34574002,40.4405134,47.21374659,LNP,2007
Sturt,11.36817705,41.46476075,47.1670622,LNP,2007
Swan,15.06549617,40.65165942,44.28284441,LNP,2007
Sydney,24.31691134,48.98646884,26.69661982,ALP,2007
Tangney,17.11118853,32.04170376,50.8471077,LNP,2007
Throsby,12.31369722,64.9806705,22.70563228,ALP,2007
Wakefield,12.66264422,48.64818184,38.68917394,ALP,2007
Wannon,11.27288926,36.16796793,52.55914281,LNP,2007
Warringah,18.07006616,27.40242799,54.52750585,LNP,2007
Watson,11.63934426,62.13490176,26.22575397,ALP,2007
Wentworth,19.15216603,30.47738807,50.37044589,LNP,2007
Werriwa,11.00489274,58.82825242,30.16685485,ALP,2007
Wide Bay,20.70864286,30.70455025,48.58680689,LNP,2007
Wills,18.55898489,56.89133234,24.54968278,ALP,2007
Adelaide,18.54019803,43.88605863,37.57374334,ALP,2010
Aston,14.57137131,38.58306707,46.84556162,LNP,2010
Ballarat,14.29577701,51.75482731,33.94939568,ALP,2010
Banks,11.51438553,42.9646234,45.52099107,ALP,2010
Barker,17.00116686,28.03967328,54.95915986,LNP,2010
Barton,10.848595,48.48442484,40.66698016,ALP,2010
Bass,16.86055388,43.43073494,39.70871118,ALP,2010
Batman,27.72549475,52.37855492,19.89595032,ALP,2010
Bendigo,16.51005257,47.65078849,35.83915894,ALP,2010
Bennelong,14.35390505,37.11661454,48.52948042,LNP,2010
Berowra,17.97279642,22.04866782,59.97853577,LNP,2010
Blair,20.42528845,42.07930908,37.49540247,ALP,2010
Blaxland,15.38984526,51.18299747,33.42715727,ALP,2010
Bonner,17.55126879,36.07253697,46.37619424,LNP,2010
Boothby,19.44258953,35.74901299,44.80839747,LNP,2010
Bowman,14.20586979,30.16535481,55.6287754,LNP,2010
Braddon,11.96244561,48.68330662,39.35424777,ALP,2010
Bradfield,16.33569034,19.21805409,64.44625557,LNP,2010
Brand,19.81980827,40.79561183,39.38457989,ALP,2010
Brisbane,23.73255685,30.38038717,45.88705598,LNP,2010
Bruce,13.51583775,49.24492163,37.23924062,ALP,2010
Calare,18.53499473,29.05134354,52.41366173,LNP,2010
Calwell,17.60970373,56.62790963,25.76238664,ALP,2010
Canberra,18.55986305,44.23124933,37.20888762,ALP,2010
Canning,13.46962719,40.3514684,46.17890441,LNP,2010
Capricornia,13.80691714,45.77382433,40.41925852,ALP,2010
Casey,16.3819922,35.23963908,48.37836871,LNP,2010
Charlton,16.13745787,53.15238325,30.71015888,ALP,2010
Chifley,18.09856789,51.58079407,30.32063804,ALP,2010
Chisholm,15.31956101,44.53453841,40.14590058,ALP,2010
Cook,13.3165156,28.80519712,57.87828727,LNP,2010
Corangamite,15.47615236,39.53403985,44.98980779,ALP,2010
Corio,17.36490001,51.50917603,31.12592395,ALP,2010
Cowan,17.49069378,32.44684838,50.06245784,LNP,2010
Cowper,21.40475296,27.8226564,50.77259064,LNP,2010
Cunningham,17.97919428,49.17091693,32.84988878,ALP,2010
Curtin,19.59255502,19.2735894,61.13385557,LNP,2010
Dawson,14.21716959,40.04388239,45.73894803,LNP,2010
Deakin,18.1325,39.92625,41.94125,ALP,2010
Denison,41.56092447,35.79302795,22.64604758,OTH,2010
Dickson,17.56516188,33.47288554,48.96195258,LNP,2010
Dobell,13.4910656,46.26544479,40.24348961,ALP,2010
Dunkley,14.34615385,38.33216783,47.32167832,LNP,2010
Durack,13.21008917,24.02705631,62.76285452,LNP,2010
Eden-Monaro,14.5543151,43.60788632,41.83779858,ALP,2010
Fadden,14.34530927,27.32633982,58.32835091,LNP,2010
Fairfax,23.24007791,27.3050363,49.45488579,LNP,2010
Farrer,22.61654282,25.51719105,51.86626613,LNP,2010
Fisher,23.19692608,30.32096888,46.48210503,LNP,2010
Flinders,13.93133778,31.7642899,54.30437233,LNP,2010
Flynn,13.03509738,39.92139388,47.04350874,LNP,2010
Forde,18.53596743,37.38791312,44.07611945,LNP,2010
Forrest,16.86600496,28.19354839,54.94044665,LNP,2010
Fowler,10.20264821,52.85502458,36.9423272,ALP,2010
Franklin,23.67429156,42.84842288,33.47728556,ALP,2010
Fraser,21.78660762,45.80557822,32.40781417,ALP,2010
Fremantle,22.49076953,38.94165371,38.56757676,ALP,2010
Gellibrand,18.28182986,58.81483972,22.90333041,ALP,2010
Gilmore,13.89495832,35.17959745,50.92544422,LNP,2010
Gippsland,15.42519614,31.57182794,53.00297592,LNP,2010
Goldstein,17.61512808,29.83396012,52.5509118,LNP,2010
Gorton,16.43312752,59.97550646,23.59136603,ALP,2010
Grayndler,29.66397962,46.09497952,24.24104086,ALP,2010
Greenway,16.33252635,42.32486004,41.34261361,ALP,2010
Grey,13.12774036,31.09207612,55.78018352,LNP,2010
Griffith,19.52362456,44.41117139,36.06520404,ALP,2010
Groom,16.08383333,22.66600395,61.25016272,LNP,2010
Hasluck,20.48705392,37.52545578,41.9874903,LNP,2010
Herbert,14.17778228,40.15414209,45.66807563,LNP,2010
Higgins,20.35846436,27.90514709,51.73638856,LNP,2010
Hindmarsh,16.42719448,44.53510266,39.03770286,ALP,2010
Hinkler,12.54906331,32.49755457,54.95338212,LNP,2010
Holt,14.95944319,54.42252342,30.61803339,ALP,2010
Hotham,13.01663306,54.08266129,32.90070565,ALP,2010
Hughes,13.06035432,37.78488419,49.15476149,LNP,2010
Hume,14.5825759,31.86238866,53.55503545,LNP,2010
Hunter,14.64692427,54.30676144,31.04631429,ALP,2010
Indi,20.174558,27.20411947,52.62132253,LNP,2010
Isaacs,16.11126321,49.42342441,34.46531238,ALP,2010
Jagajaga,18.05382637,47.33602504,34.61014859,ALP,2010
Kennedy,53.1949781,20.20630919,26.59871271,OTH,2010
Kingsford Smith,14.91667581,43.83449756,41.24882663,ALP,2010
Kingston,19.92726006,51.05080907,29.02193088,ALP,2010
Kooyong,20.04133502,27.39429429,52.56437069,LNP,2010
La Trobe,17.94891963,38.16982595,43.88125442,ALP,2010
Lalor,12.25553218,64.5726196,23.17184822,ALP,2010
Leichhardt,17.94466997,34.65894853,47.3963815,LNP,2010
Lilley,17.69624475,41.08804417,41.21571108,ALP,2010
Lindsay,12.05978829,44.5480433,43.39216841,ALP,2010
Lingiari,25.65751159,40.07967014,34.26281827,ALP,2010
Longman,18.61232604,37.63552021,43.75215374,LNP,2010
Lyne,52.12847341,13.48641237,34.38511422,OTH,2010
Lyons,18.39860087,48.91491141,32.68648772,ALP,2010
Macarthur,14.04421825,38.5547869,47.40099485,LNP,2010
Mackellar,16.77267509,21.10332951,62.12399541,LNP,2010
Macquarie,23.17258738,32.35970482,44.4677078,LNP,2010
Makin,19.2167353,50.58369411,30.19957059,ALP,2010
Mallee,13.32793145,19.88631481,66.78575375,LNP,2010
Maranoa,14.51259395,19.9644271,65.52297894,LNP,2010
Maribyrnong,15.54876456,55.37794494,29.0732905,ALP,2010
Mayo,28.21453054,25.0231222,46.76234726,LNP,2010
McEwen,16.82000247,43.16934172,40.01065581,ALP,2010
McMahon,12.49311295,51.25594791,36.25093914,ALP,2010
McMillan,15.15772128,35.56026365,49.28201507,LNP,2010
McPherson,17.23682862,28.86172612,53.90144526,LNP,2010
Melbourne,40.91148253,38.08702856,21.00148891,OTH,2010
Melbourne Ports,24.0188161,38.18747716,37.79370675,ALP,2010
Menzies,14.27612223,32.09136523,53.63251254,LNP,2010
Mitchell,11.00932771,26.33018429,62.660488,LNP,2010
Moncrieff,14.66948425,23.47751436,61.85300139,LNP,2010
Moore,19.47252533,26.37130032,54.15617435,LNP,2010
Moreton,20.58623965,36.01080694,43.4029534,ALP,2010
Murray,11.63157372,23.392263,64.97616328,LNP,2010
New England,66.65094547,8.131882596,25.21717194,OTH,2010
Newcastle,20.77863452,47.89053731,31.33082817,ALP,2010
North Sydney,18.16495351,22.12253089,59.71251561,LNP,2010
O'Connor,15.67709355,17.11364974,67.20925672,LNP,2010
Oxley,16.94019627,44.71300361,38.34680012,ALP,2010
Page,11.80314813,45.7263656,42.47048627,ALP,2010
Parkes,19.50186661,21.26372096,59.23441244,LNP,2010
Parramatta,14.82436763,44.45778056,40.71785181,ALP,2010
Paterson,10.0271928,38.43818211,51.53462509,LNP,2010
Pearce,18.03130682,29.51895322,52.44973996,LNP,2010
Perth,21.07638975,40.1875452,38.73606504,ALP,2010
Petrie,17.15075166,42.79110576,40.05814258,ALP,2010
Port Adelaide,22.26844732,53.81559876,23.91595393,ALP,2010
Rankin,17.74950268,45.15257291,37.09792441,ALP,2010
Reid,15.38277993,41.50675642,43.11046366,ALP,2010
Richmond,20.51833983,39.18970743,40.29195274,ALP,2010
Riverina,16.48501517,22.22891498,61.28606985,LNP,2010
Robertson,16.70357741,39.76400558,43.53241701,ALP,2010
Ryan,29.25511602,25.01740908,45.7274749,LNP,2010
Scullin,13.76669186,62.11892164,24.1143865,ALP,2010
Shortland,13.10190771,53.73956255,33.15852974,ALP,2010
Solomon,17.55436062,36.0781851,46.36745427,LNP,2010
Stirling,18.22546429,31.86820003,49.90633568,LNP,2010
Sturt,15.71954466,36.2337883,48.04666704,LNP,2010
Swan,18.20894019,35.27612382,46.51493599,LNP,2010
Sydney,28.60778311,43.2896179,28.10259899,ALP,2010
Tangney,18.50893613,25.79733645,55.69372742,LNP,2010
Throsby,13.84212227,50.52829331,35.62958443,ALP,2010
Wakefield,19.35509527,49.19614148,31.44876325,ALP,2010
Wannon,23.9468595,29.4314783,46.6216622,LNP,2010
Warringah,19.44640587,21.6365391,58.91705503,LNP,2010
Watson,12.40668604,50.427974,37.16533997,ALP,2010
Wentworth,19.35599243,21.07273063,59.57127694,LNP,2010
Werriwa,12.70281754,48.57264254,38.72453993,ALP,2010
Wide Bay,17.04145351,24.10045023,58.85809625,LNP,2010
Wills,24.39920368,51.80594397,23.79485235,ALP,2010
Wright,19.13615447,27.77726206,53.08658347,LNP,2010
Adelaide,15.68295136,42.26075927,42.05628936,ALP,2013
Aston,15.77319225,32.63378681,51.59302094,LNP,2013
Ballarat,20.09331326,41.90662268,38.00006406,ALP,2013
Banks,11.94815906,41.04270987,47.00913108,LNP,2013
Barker,24.6768406,18.36604557,56.95711383,LNP,2013
Barton,17.21853477,40.43074462,42.35072062,LNP,2013
Bass,17.49816357,34.65199559,47.84984084,LNP,2013
Batman,35.72091234,41.63234828,22.64673938,ALP,2013
Bendigo,18.74750051,36.56438137,44.68811812,ALP,2013
Bennelong,14.56022232,32.45069022,52.98908746,LNP,2013
Berowra,19.63022378,18.9296802,61.44009602,LNP,2013
Blair,24.59767786,41.55281784,33.8495043,ALP,2013
Blaxland,11.55071185,55.72994615,32.71934201,ALP,2013
Bonner,17.19106619,36.01355443,46.79537938,LNP,2013
Boothby,18.87982864,30.76972017,50.35045119,LNP,2013
Bowman,20.84340122,29.87803475,49.27856403,LNP,2013
Braddon,15.55734126,37.58717933,46.85547941,LNP,2013
Bradfield,18.55802625,16.59825899,64.84371476,LNP,2013
Brand,20.89069478,40.39435517,38.71495004,ALP,2013
Brisbane,21.89000311,30.12192454,47.98807235,LNP,2013
Bruce,15.14671184,41.89727146,42.9560167,ALP,2013
Calare,16.95958302,25.38790885,57.65250813,LNP,2013
Calwell,21.70823059,49.80575071,28.4860187,ALP,2013
Canberra,21.07133002,41.05701573,37.87165425,ALP,2013
Canning,20.36206254,26.64391534,52.99402213,LNP,2013
Capricornia,21.74509238,37.82958045,40.42532717,LNP,2013
Casey,22.97552215,27.8451129,49.17936495,LNP,2013
Charlton,25.03356481,46.44097222,28.52546296,ALP,2013
Chifley,15.52593529,52.30070109,32.17336363,ALP,2013
Chisholm,16.37924027,39.50225877,44.11850097,ALP,2013
Cook,14.88856867,24.7564979,60.35493342,LNP,2013
Corangamite,19.06983761,32.03413756,48.89602483,LNP,2013
Corio,21.29347501,43.50769504,35.19882996,ALP,2013
Cowan,18.11987486,32.28895104,49.5911741,LNP,2013
Cowper,21.58883049,25.36525504,53.04591447,LNP,2013
Cunningham,20.80568564,45.53999364,33.65432072,ALP,2013
Curtin,20.03301887,17.9115566,62.05542453,LNP,2013
Dawson,24.06445796,29.70681214,46.2287299,LNP,2013
Deakin,21.39052584,32.73232094,45.87715322,LNP,2013
Denison,52.02313922,24.74816815,23.22869263,OTH,2013
Dickson,20.67022815,31.31619465,48.01357719,LNP,2013
Dobell,23.53726492,35.11492919,41.3478059,LNP,2013
Dunkley,20.36754839,30.88111538,48.75133623,LNP,2013
Durack,18.54503215,20.28472635,61.1702415,LNP,2013
Eden-Monaro,15.94840617,38.782708,45.26888583,LNP,2013
Fadden,24.17046234,22.21750796,53.6120297,LNP,2013
Fairfax,40.44464406,18.23607976,41.31927618,OTH,2013
Farrer,18.44787701,23.74572269,57.80640031,LNP,2013
Fisher,33.57165223,21.26213339,45.16621438,LNP,2013
Flinders,19.46636003,25.1977726,55.33586738,LNP,2013
Flynn,20.54249971,33.43622121,46.02127908,LNP,2013
Forde,23.45768521,34.00210915,42.54020564,LNP,2013
Forrest,18.57345211,25.26134648,56.16520141,LNP,2013
Fowler,12.48028692,60.75698225,26.76273083,ALP,2013
Franklin,21.35453789,39.93377287,38.71168924,ALP,2013
Fraser,23.72167125,44.65925837,31.61907038,ALP,2013
Fremantle,21.04858337,40.81599853,38.1354181,ALP,2013
Gellibrand,27.24515952,46.04293496,26.71190552,ALP,2013
Gilmore,18.95512022,35.04503412,45.99984566,LNP,2013
Gippsland,23.08997342,23.14878697,53.76123961,LNP,2013
Goldstein,19.65647802,23.83349339,56.51002859,LNP,2013
Gorton,23.78272879,50.7327596,25.48451161,ALP,2013
Grayndler,28.10839353,47.19635093,24.69525554,ALP,2013
Greenway,15.47927236,44.4840436,40.03668404,ALP,2013
Grey,17.04662102,27.30369652,55.64968246,LNP,2013
Griffith,17.41716719,40.36385099,42.21898182,ALP,2013
Groom,22.25605945,22.10265559,55.64128496,LNP,2013
Hasluck,21.84042069,32.74255798,45.41702133,LNP,2013
Herbert,27.27176756,29.38430319,43.34392925,LNP,2013
Higgins,21.54810038,24.08397952,54.3679201,LNP,2013
Hindmarsh,15.87761709,37.95478349,46.16759942,LNP,2013
Hinkler,27.64812547,27.60220422,44.74967031,LNP,2013
Holt,19.174038,48.1934178,32.6325442,ALP,2013
Hotham,15.72610198,47.12944543,37.14445259,ALP,2013
Hughes,13.24640135,32.06999718,54.68360147,LNP,2013
Hume,19.97714135,26.05776205,53.9650966,LNP,2013
Hunter,20.39771471,44.49680595,35.10547934,ALP,2013
Indi,43.66766618,11.65167391,44.68065991,OTH,2013
Isaacs,18.460811,41.33067306,40.20851594,ALP,2013
Jagajaga,20.05349053,38.00338409,41.94312538,ALP,2013
Kennedy,42.7818932,16.38149368,40.83661312,OTH,2013
Kingsford Smith,14.48381589,42.01595763,43.50022647,ALP,2013
Kingston,18.33996589,49.26435475,32.39567936,ALP,2013
Kooyong,21.87592724,22.43055714,55.69351562,LNP,2013
La Trobe,21.89026174,32.05725474,46.05248351,LNP,2013
Lalor,25.56837044,45.17407181,29.25755775,ALP,2013
Leichhardt,22.16738999,32.57268188,45.25992813,LNP,2013
Lilley,18.46927337,40.20821079,41.32251584,ALP,2013
Lindsay,14.33297588,39.02895343,46.63807068,LNP,2013
Lingiari,22.02133901,39.74879941,38.22986158,ALP,2013
Longman,24.51008474,30.65162907,44.83828619,LNP,2013
Lyne,25.53423387,21.27891472,53.18685141,LNP,2013
Lyons,18.78937523,36.82304527,44.3875795,LNP,2013
Macarthur,15.03958404,30.63087438,54.32954158,LNP,2013
Mackellar,20.32982813,17.23810365,62.43206822,LNP,2013
Macquarie,21.64272052,30.9950625,47.36221698,LNP,2013
Makin,17.23789006,45.55969012,37.20241981,ALP,2013
Mallee,16.52142508,17.49889321,65.97968171,LNP,2013
Maranoa,26.29020777,16.29332206,57.41647017,LNP,2013
Maribyrnong,19.0729829,47.89551361,33.03150349,ALP,2013
Mayo,25.04102396,21.14101302,53.81796302,LNP,2013
McEwen,22.03908711,37.61665399,40.3442589,ALP,2013
McMahon,9.221821537,50.18759334,40.59058512,ALP,2013
McMillan,24.58595879,25.05215429,50.36188692,LNP,2013
McPherson,27.09250304,22.75012963,50.15736732,LNP,2013
Melbourne,49.89749553,26.9628706,23.13963386,OTH,2013
Melbourne Ports,27.28281919,31.67022313,41.04695768,ALP,2013
Menzies,15.45841497,25.66042835,58.88115668,LNP,2013
Mitchell,14.0021707,20.52350822,65.47432108,LNP,2013
Moncrieff,23.48881066,20.82222781,55.68896153,LNP,2013
Moore,20.91012885,26.00834168,53.08152946,LNP,2013
Moreton,19.0335844,38.72939635,42.23701925,ALP,2013
Murray,17.85038092,20.73998107,61.40963801,LNP,2013
New England,33.93398986,11.85794565,54.2080645,LNP,2013
Newcastle,21.60594187,43.73472133,34.6593368,ALP,2013
North Sydney,18.91506874,20.04228473,61.04264653,LNP,2013
O'Connor,18.27414859,17.25124227,64.47460914,LNP,2013
Oxley,18.46782512,43.09688169,38.43529318,ALP,2013
Page,14.55867807,38.79211032,46.64921161,LNP,2013
Parkes,15.19103256,20.79678725,64.01218019,LNP,2013
Parramatta,14.42659555,41.25907089,44.31433356,ALP,2013
Paterson,16.51112871,29.62797158,53.86089971,LNP,2013
Pearce,23.5432187,25.88359356,50.57318774,LNP,2013
Perth,18.93514667,41.25221543,39.8126379,ALP,2013
Petrie,19.82851537,39.51654899,40.65493563,LNP,2013
Port Adelaide,23.09915494,50.57637996,26.3244651,ALP,2013
Rankin,21.44659984,42.18408211,36.36931805,ALP,2013
Reid,12.32405854,40.56790641,47.10803505,LNP,2013
Richmond,28.89021788,33.50805601,37.60172612,ALP,2013
Riverina,20.39375718,20.42672184,59.17952099,LNP,2013
Robertson,21.75229975,34.82835988,43.41934036,LNP,2013
Ryan,22.80979293,25.51332126,51.67688581,LNP,2013
Scullin,20.60091054,50.26078501,29.13830446,ALP,2013
Shortland,13.50471852,48.68671842,37.80856306,ALP,2013
Solomon,19.87570664,35.43296769,44.69132567,LNP,2013
Stirling,19.85311823,28.3301228,51.81675897,LNP,2013
Sturt,16.70573476,28.89717939,54.39708585,LNP,2013
Swan,20.53369516,30.60496046,48.86134438,LNP,2013
Sydney,23.44953546,46.03351068,30.51695386,ALP,2013
Tangney,18.50270891,24.32628937,57.17100171,LNP,2013
Throsby,17.03458818,45.00373254,37.96167929,ALP,2013
Wakefield,20.58558063,41.52228949,37.89212988,ALP,2013
Wannon,16.74111698,29.52767511,53.73120791,LNP,2013
Warringah,19.79244797,19.3211459,60.88640613,LNP,2013
Watson,11.75123371,49.50778185,38.74098444,ALP,2013
Wentworth,17.30810999,19.37361539,63.31827462,LNP,2013
Werriwa,16.24342522,44.09077398,39.6658008,ALP,2013
Wide Bay,30.41809523,20.70817585,48.87372892,LNP,2013
Wills,32.01460273,45.14382141,22.84157586,ALP,2013
Wright,30.7691355,21.38593015,47.84493436,LNP,2013
Adelaide,27.64171481,35.92585615,36.43242904,ALP,2016
Aston,18.06487042,31.0716706,50.86345898,LNP,2016
Ballarat,17.80118108,43.26711495,38.93170397,ALP,2016
Banks,16.16239202,39.95235551,43.88525247,LNP,2016
Barker,38.20318704,15.2077929,46.58902006,LNP,2016
Barton,16.85936467,47.75033637,35.39029897,ALP,2016
Bass,20.7978844,40.50321118,38.69890442,ALP,2016
Batman,44.83524045,35.27152862,19.89323093,ALP,2016
Bendigo,20.10912485,38.35369168,41.53718347,ALP,2016
Bennelong,21.10353352,28.48283115,50.41363533,LNP,2016
Berowra,23.02349575,19.88257443,57.09392982,LNP,2016
Blair,29.39533027,41.89723784,28.70743189,ALP,2016
Blaxland,11.87707329,63.30600238,24.81692433,ALP,2016
Bonner,18.69556997,34.86191594,46.4425141,LNP,2016
Boothby,34.23725968,24.52145076,41.24128956,LNP,2016
Bowman,18.18250745,32.05199025,49.7655023,LNP,2016
Braddon,18.451571,40.04515092,41.50327808,ALP,2016
Bradfield,21.86919281,17.00877886,61.12202832,LNP,2016
Brand,20.89135809,47.48403045,31.62461147,ALP,2016
Brisbane,24.14751924,26.00159193,49.85088883,LNP,2016
Bruce,15.61220065,44.33575869,40.05204067,ALP,2016
Burt,17.60236136,47.02932739,35.36831124,ALP,2016
Calare,25.35850336,27.05678215,47.58471449,LNP,2016
Calwell,15.52956104,56.80705191,27.66338705,ALP,2016
Canberra,19.58747669,42.79909882,37.61342449,ALP,2016
Canning,12.42455086,33.04139939,54.53404976,LNP,2016
Capricornia,21.85468777,38.09086269,40.05444955,LNP,2016
Casey,22.10319741,28.36898657,49.52781603,LNP,2016
Chifley,16.24069464,61.09455527,22.66475008,ALP,2016
Chisholm,18.79035978,35.93173432,45.2779059,LNP,2016
Cook,15.08015539,26.57219456,58.34765005,LNP,2016
Corangamite,22.82430881,30.75383318,46.42185801,LNP,2016
Corio,19.23862975,45.62609202,35.13527823,ALP,2016
Cowan,16.10508491,41.67811917,42.21679592,ALP,2016
Cowper,40.42335202,13.60815774,45.96849024,LNP,2016
Cunningham,22.95303537,47.88700425,29.15996038,ALP,2016
Curtin,18.78760319,15.71288653,65.49951028,LNP,2016
Dawson,24.60465116,32.78848283,42.606866,LNP,2016
Deakin,18.92808083,31.04200824,50.02991093,LNP,2016
Denison,57.08884688,23.00687131,19.90428181,OTH,2016
Dickson,20.50410742,34.93671164,44.55918094,LNP,2016
Dobell,19.27508948,42.8801953,37.84471523,ALP,2016
Dunkley,24.09483386,33.17169319,42.73347295,LNP,2016
Durack,16.37914173,25.89680397,57.7240543,LNP,2016
Eden-Monaro,16.78328341,41.88146376,41.33525283,ALP,2016
Fadden,24.71589638,26.13865151,49.14545211,LNP,2016
Fairfax,30.95508474,20.60716178,48.43775348,LNP,2016
Farrer,24.02178527,18.10538523,57.8728295,LNP,2016
Fenner,22.81530696,45.79510087,31.38959217,ALP,2016
Fisher,27.06500328,24.6761774,48.25881932,LNP,2016
Flinders,21.36668833,27.03349282,51.59981885,LNP,2016
Flynn,29.55844215,33.38535332,37.05620453,LNP,2016
Forde,21.72208318,37.64390418,40.63401263,LNP,2016
Forrest,22.34003613,23.13823193,54.52173194,LNP,2016
Fowler,13.44697417,60.82222484,25.73080099,ALP,2016
Franklin,17.7295387,47.01251311,35.25794819,ALP,2016
Fremantle,22.14053443,40.99156416,36.86790141,ALP,2016
Gellibrand,26.47781252,46.89613383,26.62605365,ALP,2016
Gilmore,15.48914887,39.23271525,45.27813587,LNP,2016
Gippsland,23.6448954,20.01299109,56.34211352,LNP,2016
Goldstein,21.7874706,21.87940988,56.33311952,LNP,2016
Gorton,9.877172417,62.29040314,27.83242444,ALP,2016
Grayndler,30.61918519,46.06696845,23.31384636,ALP,2016
Greenway,16.50595512,49.08007139,34.41397349,ALP,2016
Grey,35.70919934,21.55525391,42.73554675,LNP,2016
Griffith,25.81237837,33.18439277,41.00322886,ALP,2016
Groom,23.80133045,22.20237378,53.99629577,LNP,2016
Hasluck,19.79052566,35.26356599,44.94590836,LNP,2016
Herbert,34.04688862,30.45156616,35.50154522,ALP,2016
Higgins,33.05202069,14.94611866,52.00186065,LNP,2016
Hindmarsh,25.61102497,34.02460421,40.36437082,ALP,2016
Hinkler,29.43982677,26.70380855,43.85636468,LNP,2016
Holt,16.40770852,53.70470742,29.88758406,ALP,2016
Hotham,16.94621633,45.753981,37.29980267,ALP,2016
Hughes,16.15232042,31.87915885,51.96852073,LNP,2016
Hume,14.33086128,31.83570706,53.83343165,LNP,2016
Hunter,21.86780835,51.79234134,26.33985031,ALP,2016
Indi,45.37426362,9.79176143,44.83397495,OTH,2016
Isaacs,15.15518547,44.49443063,40.35038391,ALP,2016
Jagajaga,19.76847344,39.20588553,41.02564103,ALP,2016
Kennedy,48.5106383,19.16056273,32.32879898,OTH,2016
Kingsford Smith,15.08780689,47.36796405,37.54422906,ALP,2016
Kingston,27.27029371,49.41696737,23.31273891,ALP,2016
Kooyong,21.97371199,19.80489539,58.22139262,LNP,2016
La Trobe,26.3907038,31.37466657,42.23462963,LNP,2016
Lalor,17.22367928,51.80029974,30.97602098,ALP,2016
Leichhardt,32.43288893,28.08192956,39.48518152,LNP,2016
Lilley,17.46157206,43.49169041,39.04673753,ALP,2016
Lindsay,17.66190848,42.08358195,40.25450957,ALP,2016
Lingiari,28.48746356,39.78075802,31.73177843,ALP,2016
Longman,24.89511451,35.71952589,39.38535959,ALP,2016
Lyne,23.86758183,26.56190419,49.57051398,LNP,2016
Lyons,19.5460848,38.56965628,41.88425892,ALP,2016
Macarthur,12.2642139,51.88406442,35.85172168,ALP,2016
Mackellar,31.50980726,17.32332043,51.16687231,LNP,2016
Macquarie,26.27170538,35.51589905,38.21239557,ALP,2016
Makin,29.62155841,41.83905602,28.53938556,ALP,2016
Mallee,14.26039833,21.42775478,64.31184689,LNP,2016
Maranoa,32.53339848,18.274495,49.19210652,LNP,2016
Maribyrnong,17.21017968,50.51687022,32.2729501,ALP,2016
Mayo,48.72156104,13.51928172,37.75915724,OTH,2016
McEwen,19.24823322,44.68904594,36.06272085,ALP,2016
McMahon,16.5089844,53.44034031,30.05067528,ALP,2016
McMillan,22.87531832,29.26150157,47.86318011,LNP,2016
McPherson,20.70757163,26.0002705,53.29215788,LNP,2016
Melbourne,50.29763478,24.45574599,25.24661923,OTH,2016
Melbourne Ports,31.10401019,26.99831386,41.89767595,ALP,2016
Menzies,23.67259933,24.6031837,51.72421697,LNP,2016
Mitchell,14.90164258,24.60580276,60.49255466,LNP,2016
Moncrieff,16.65425779,24.37878083,58.96696138,LNP,2016
Moore,16.32760295,28.69153007,54.98086698,LNP,2016
Moreton,25.31313274,36.89551255,37.79135471,ALP,2016
Murray,17.64338302,14.98363934,67.37297764,LNP,2016
New England,40.70249674,7.012336323,52.28516694,LNP,2016
Newcastle,22.95964126,47.12248703,29.91787172,ALP,2016
North Sydney,31.71166885,16.80093429,51.48739687,LNP,2016
O'Connor,18.07808222,20.9239193,60.99799848,LNP,2016
Oxley,21.83035232,46.08749895,32.08214873,ALP,2016
Page,20.85229228,34.86311322,44.2845945,LNP,2016
Parkes,12.77432734,28.57173399,58.65393866,LNP,2016
Parramatta,19.16437053,46.46192485,34.37370462,ALP,2016
Paterson,22.43574369,46.0586801,31.50557621,ALP,2016
Pearce,15.61724423,34.25062046,50.13213531,LNP,2016
Perth,20.32978202,37.36413531,42.30608267,ALP,2016
Petrie,16.92153503,38.38220555,44.69625942,LNP,2016
Port Adelaide,33.13335208,48.23922757,18.62742035,ALP,2016
Rankin,22.03270782,49.33917095,28.62812123,ALP,2016
Reid,14.86473062,36.33453646,48.80073292,LNP,2016
Richmond,31.34311673,31.04839529,37.60848798,ALP,2016
Riverina,17.28164173,25.51961181,57.19874646,LNP,2016
Robertson,16.89075013,38.42585304,44.68339683,LNP,2016
Ryan,25.08125448,22.78713435,52.13161116,LNP,2016
Scullin,14.50281151,57.00474508,28.4924434,ALP,2016
Shortland,13.62736898,51.16791448,35.20471654,ALP,2016
Solomon,24.68260511,40.86837043,34.44902446,ALP,2016
Stirling,18.37473308,32.17357735,49.45168957,LNP,2016
Sturt,33.35196492,22.19988821,44.44814687,LNP,2016
Swan,18.81157711,33.00778851,48.18063438,LNP,2016
Sydney,27.10921502,43.74175199,29.14903299,ALP,2016
Tangney,27.63836534,23.54933285,48.8123018,LNP,2016
Wakefield,33.81213972,39.81633015,26.37153013,ALP,2016
Wannon,16.05624335,30.71088454,53.23287211,LNP,2016
Warringah,33.56218125,14.79242148,51.64539727,LNP,2016
Watson,19.22004902,55.39069633,25.38925465,ALP,2016
Wentworth,20.00903772,17.73414831,62.25681397,LNP,2016
Werriwa,11.29687448,52.14355256,36.55957297,ALP,2016
Whitlam,14.5173251,52.76155261,32.7211223,ALP,2016
Wide Bay,33.61367909,22.58452091,43.8018,LNP,2016
Wills,40.42483105,37.64929655,21.9258724,ALP,2016
Wright,35.40954279,22.76999026,41.82046695,LNP,2016
Adelaide,23.57227494,40.27113014,36.15659492,ALP,2019
Aston,15.49305625,29.81216905,54.6947747,LNP,2019
Ballarat,21.56540031,47.79466903,30.63993066,ALP,2019
Banks,12.73302082,36.3468876,50.92009157,LNP,2019
Barker,18.46383889,21.01432817,60.52183295,LNP,2019
Barton,17.31900742,49.19194279,33.4890498,ALP,2019
Bass,21.55878545,34.74022667,43.70098788,LNP,2019
